<?xml version="1.0" encoding="UTF-8" standalone="no"?>
<!DOCTYPE svg PUBLIC "-//W3C//DTD SVG 20010904//EN"
              "http://www.w3.org/TR/2001/REC-SVG-20010904/DTD/svg10.dtd">

<svg xmlns="http://www.w3.org/2000/svg"
     width="1in" height="0.5in"
     viewBox="0 0 300 150">
  <path id="Auswahl #3"
        fill="none" stroke="black" stroke-width="1"
        d="M 97.00,18.00
           C 97.00,18.00 121.00,33.00 121.00,33.00
             122.15,26.11 124.84,23.57 132.00,25.00
             129.92,32.39 125.18,35.43 131.07,40.39
             131.07,40.39 135.00,43.00 135.00,43.00
             130.81,46.95 129.59,44.71 124.00,43.00
             124.00,43.00 116.00,68.00 116.00,68.00
             125.58,64.75 123.77,59.38 128.00,56.00
             128.22,48.41 133.60,47.54 140.00,47.00
             140.00,47.00 134.40,58.00 134.40,58.00
             134.40,58.00 131.00,67.00 131.00,67.00
             131.00,67.00 132.00,68.00 132.00,68.00
             134.52,66.51 136.44,65.48 138.07,62.91
             142.21,56.37 139.88,45.38 153.00,48.00
             148.90,57.54 147.74,58.15 147.00,69.00
             147.00,69.00 153.00,67.00 153.00,67.00
             153.00,67.00 158.00,63.00 158.00,63.00
             148.22,56.19 164.25,44.95 164.55,56.02
             164.59,57.33 164.25,57.90 164.00,59.00
             164.00,59.00 165.00,60.00 165.00,60.00
             165.00,60.00 170.00,58.00 170.00,58.00
             170.00,58.00 171.00,56.00 171.00,56.00
             171.22,48.41 176.60,47.54 183.00,47.00
             183.00,47.00 177.40,58.00 177.40,58.00
             177.40,58.00 174.00,67.00 174.00,67.00
             174.00,67.00 175.00,68.00 175.00,68.00
             175.00,68.00 181.32,63.62 181.32,63.62
             181.32,63.62 184.40,56.00 184.40,56.00
             184.40,56.00 192.00,38.00 192.00,38.00
             192.00,38.00 177.00,29.28 177.00,29.28
             177.00,29.28 170.88,23.82 170.88,23.82
             170.88,23.82 170.88,18.00 170.88,18.00
             170.88,18.00 195.00,33.00 195.00,33.00
             196.15,26.11 198.84,23.57 206.00,25.00
             203.92,32.39 199.18,35.43 205.07,40.39
             205.07,40.39 209.00,43.00 209.00,43.00
             204.81,46.95 203.59,44.71 198.00,43.00
             198.00,43.00 190.00,68.00 190.00,68.00
             197.47,65.40 198.36,60.40 203.21,55.04
             206.74,51.14 211.01,48.51 216.00,46.90
             220.95,45.30 226.69,43.27 229.00,49.00
             221.02,49.02 216.08,49.95 210.46,56.21
             208.88,57.97 203.51,66.37 208.97,66.89
             212.30,67.21 214.89,60.32 216.35,58.04
             219.38,53.31 221.79,53.13 227.00,53.00
             223.81,59.05 221.84,60.92 222.00,68.00
             222.00,68.00 228.50,62.98 228.50,62.98
             228.50,62.98 239.00,38.00 239.00,38.00
             239.00,38.00 224.00,29.28 224.00,29.28
             224.00,29.28 217.88,23.82 217.88,23.82
             217.88,23.82 217.88,18.00 217.88,18.00
             217.88,18.00 242.00,33.00 242.00,33.00
             243.15,26.11 245.84,23.57 253.00,25.00
             250.92,32.39 246.18,35.43 252.07,40.39
             252.07,40.39 256.00,43.00 256.00,43.00
             251.81,46.95 250.59,44.71 245.00,43.00
             245.00,43.00 237.00,68.00 237.00,68.00
             248.90,63.96 246.65,48.17 262.00,46.37
             268.41,45.62 271.72,50.95 267.85,56.91
             263.90,63.00 258.80,65.19 252.00,66.00
             253.69,67.19 254.81,68.28 257.00,68.56
             262.13,69.21 268.96,63.26 271.09,58.99
             272.54,56.07 273.66,50.62 275.70,48.56
             277.79,46.45 286.24,43.53 282.00,54.00
             282.00,54.00 289.00,49.56 289.00,49.56
             292.21,47.63 300.30,45.18 298.89,52.02
             298.22,55.27 292.10,63.53 290.00,67.00
             294.94,66.80 296.27,64.86 300.00,62.00
             299.51,68.05 296.74,71.46 291.00,73.48
             288.90,74.54 285.68,75.31 283.99,73.48
             280.38,68.88 286.91,58.91 289.00,55.00
             284.16,57.80 282.36,59.23 279.24,64.00
             277.88,66.09 274.91,71.99 273.37,73.22
             269.95,75.93 268.51,72.97 268.00,70.00
             261.64,73.34 249.41,79.28 246.00,69.00
             242.30,70.89 233.78,77.39 229.95,73.26
             229.15,72.40 228.44,70.14 228.00,69.00
             226.26,72.09 220.52,75.07 217.00,74.22
             214.90,73.71 213.59,72.31 212.00,71.00
             206.77,76.11 201.10,76.10 198.00,69.00
             193.62,72.06 183.65,79.56 182.00,70.00
             175.70,73.31 174.31,74.95 167.00,74.00
             167.00,74.00 168.00,63.00 168.00,63.00
             168.00,63.00 165.00,65.00 165.00,65.00
             163.09,65.44 162.80,65.28 161.00,66.47
             157.95,68.49 142.87,84.34 139.00,70.00
             132.70,73.31 131.31,74.95 124.00,74.00
             124.00,74.00 124.00,69.00 124.00,69.00
             119.78,71.95 110.87,78.93 108.00,71.00
             105.27,72.00 100.58,74.63 98.05,74.56
             93.51,74.44 91.12,66.84 93.06,63.37
             93.06,63.37 101.00,56.00 101.00,56.00
             93.55,55.70 88.83,63.28 88.00,70.00
             84.58,73.15 84.81,74.18 80.00,75.00
             80.00,75.00 82.00,64.00 82.00,64.00
             79.63,64.43 71.94,66.39 70.26,67.87
             68.41,69.49 68.02,71.99 66.44,73.69
             63.44,76.92 58.76,76.07 55.00,75.00
             55.00,75.00 57.00,68.00 57.00,68.00
             54.14,67.75 44.90,66.49 43.01,67.10
             40.57,67.89 33.67,73.90 31.00,75.85
             21.35,82.89 14.18,88.18 3.00,87.00
             0.27,87.55 -0.28,78.49 4.00,78.00
             6.20,78.29 9.95,78.90 12.00,78.71
             19.83,78.00 31.06,68.09 38.00,64.00
             35.95,59.82 33.37,55.87 34.40,51.00
             36.85,39.40 52.22,35.16 62.00,44.00
             62.00,44.00 67.00,40.00 67.00,40.00
             67.00,40.00 66.00,38.00 66.00,38.00
             66.00,38.00 84.00,23.23 84.00,23.23
             84.00,23.23 89.00,24.00 89.00,24.00
             89.00,24.00 84.16,33.58 84.16,33.58
             84.16,33.58 71.00,62.00 71.00,62.00
             86.63,59.55 84.85,51.45 89.30,39.00
             89.30,39.00 92.74,31.00 92.74,31.00
             92.74,31.00 97.00,18.00 97.00,18.00 Z
           M 118.00,38.00
           C 115.30,36.14 106.29,29.50 103.22,30.44
             100.79,31.18 99.79,34.91 98.92,37.00
             96.42,43.00 93.70,48.68 92.00,55.00
             94.83,53.04 99.72,48.59 102.99,48.30
             107.03,47.94 109.55,52.01 107.67,55.50
             105.91,58.78 102.23,60.53 99.00,62.00
             100.69,69.00 105.29,68.77 108.52,62.95
             108.52,62.95 118.00,38.00 118.00,38.00 Z
           M 76.00,35.00
           C 76.00,35.00 65.00,44.00 65.00,44.00
             65.00,44.00 64.00,46.00 64.00,46.00
             64.00,46.00 67.00,52.00 67.00,52.00
             67.00,52.00 76.00,35.00 76.00,35.00 Z
           M 139.04,35.88
           C 145.24,35.94 143.58,41.03 139.96,42.16
             136.17,43.34 132.78,39.30 139.04,35.88 Z
           M 182.04,35.88
           C 188.24,35.94 186.58,41.03 182.96,42.16
             179.17,43.34 175.78,39.30 182.04,35.88 Z
           M 214.45,38.55
           C 215.69,36.08 219.38,37.60 219.18,38.00
             219.65,40.97 217.75,42.00 215.62,41.94
             214.38,41.56 213.93,39.51 214.45,38.55 Z
           M 225.45,38.08
           C 230.06,36.93 230.05,40.53 228.42,41.81
             226.49,43.34 222.05,42.28 225.45,38.08 Z
           M 57.00,47.00
           C 54.34,45.25 53.30,44.42 50.00,44.11
             45.46,43.68 40.34,45.43 38.76,50.17
             37.73,53.28 39.71,59.07 43.76,58.37
             45.90,58.00 49.37,54.53 51.00,53.05
             53.22,51.04 55.09,49.31 57.00,47.00 Z
           M 59.00,52.00
           C 54.13,54.34 50.20,58.69 47.00,63.00
             47.00,63.00 59.00,64.00 59.00,64.00
             59.00,64.00 59.00,52.00 59.00,52.00 Z
           M 262.00,52.00
           C 254.74,52.59 254.01,55.62 252.00,62.00
             252.00,62.00 253.00,63.00 253.00,63.00
             259.28,60.39 261.44,59.17 262.00,52.00 Z
           M 282.00,54.00 282.00,54.00 282.00,54.00 282.00,54.00
           M 92.00,55.00 92.00,55.00 92.00,55.00 92.00,55.00" />
</svg>
