<?xml version="1.0" encoding="UTF-8" standalone="no"?>
<!DOCTYPE svg PUBLIC "-//W3C//DTD SVG 20010904//EN"
              "http://www.w3.org/TR/2001/REC-SVG-20010904/DTD/svg10.dtd">

<svg xmlns="http://www.w3.org/2000/svg"
     width="1in" height="0.5in"
     viewBox="0 0 300 150">
  <path id="Auswahl #5"
        fill="none" stroke="black" stroke-width="1"
        d="M 108.00,72.00
           C 111.50,70.64 114.94,68.73 117.30,65.70
             117.30,65.70 129.68,30.00 129.68,30.00
             132.27,25.29 138.17,15.43 144.78,17.91
             146.81,18.68 148.50,21.39 150.00,23.00
             147.80,32.05 150.30,33.00 144.71,43.00
             137.90,55.18 130.72,60.36 128.93,63.17
             126.95,66.26 125.95,72.33 125.00,76.00
             132.24,72.61 140.64,66.61 143.88,59.04
             146.37,53.24 141.14,45.12 149.07,42.15
             154.32,40.19 151.97,47.11 153.70,49.36
             155.29,51.44 160.51,53.13 163.00,54.00
             163.00,54.00 158.00,72.00 158.00,72.00
             161.51,70.34 163.02,69.17 165.37,66.00
             165.37,66.00 169.93,59.18 169.93,59.18
             173.94,54.37 180.98,50.71 186.96,49.07
             192.51,47.55 196.74,46.90 199.00,53.00
             189.80,53.00 185.27,53.35 178.33,60.44
             176.75,62.05 170.87,70.31 176.17,70.97
             180.60,71.52 183.20,63.03 185.19,60.11
             188.14,55.76 191.26,56.05 196.00,56.00
             192.56,63.16 191.18,63.66 190.00,72.00
             198.63,69.06 199.92,63.15 205.75,57.21
             209.17,53.74 214.51,51.08 219.16,49.71
             224.31,48.19 230.79,45.95 232.00,53.00
             223.32,53.01 217.67,54.19 211.48,61.08
             207.01,66.07 207.01,71.80 210.18,71.80
             214.26,71.80 216.61,64.84 218.36,62.04
             221.31,57.33 224.75,56.50 230.00,57.00
             230.00,57.00 223.00,75.00 223.00,75.00
             233.95,66.43 231.60,58.31 242.00,51.75
             245.77,49.49 252.84,47.83 256.26,51.75
             259.01,54.72 257.38,58.87 255.21,61.71
             251.02,67.22 246.13,71.09 239.00,70.00
             248.00,76.27 252.60,67.89 261.00,65.00
             258.86,72.84 250.20,79.35 242.00,79.73
             236.63,79.98 233.47,76.80 231.04,76.70
             228.19,76.59 224.27,81.15 222.63,83.28
             219.83,86.95 219.03,91.66 217.70,95.99
             215.22,104.05 212.82,112.47 209.00,120.00
             206.86,124.20 203.10,130.49 198.00,131.36
             189.53,132.81 189.51,121.24 190.93,116.00
             194.51,102.75 208.60,89.27 211.45,83.96
             212.61,81.79 213.21,79.32 214.00,77.00
             208.03,79.37 201.69,82.17 199.00,74.00
             190.76,78.22 190.37,81.48 181.00,78.00
             181.00,78.00 181.00,75.00 181.00,75.00
             177.98,77.40 174.15,80.40 170.00,79.31
             167.61,78.69 165.60,76.41 163.28,76.40
             160.90,76.39 157.34,80.05 153.14,79.56
             144.72,78.53 151.91,61.77 153.14,57.00
             153.14,57.00 149.00,56.00 149.00,56.00
             147.43,60.11 148.63,64.77 144.97,67.38
             144.97,67.38 143.00,69.00 143.00,69.00
             138.93,72.53 136.78,75.37 132.00,78.45
             128.73,80.56 124.53,81.62 122.51,85.13
             118.34,92.70 121.81,95.42 122.51,101.00
             123.07,106.48 120.74,111.96 116.02,114.83
             114.72,115.62 113.07,116.31 111.58,116.60
             108.96,117.10 107.47,116.68 105.00,116.00
             105.00,116.00 110.53,95.01 110.53,95.01
             110.98,93.62 110.62,82.77 110.53,83.04
             110.50,78.19 117.00,73.00 117.00,73.00
             117.00,73.00 110.96,77.47 110.96,77.47
             106.03,80.32 98.99,80.93 99.95,73.00
             100.56,67.92 104.50,63.34 107.00,59.00
             100.97,61.96 98.55,64.21 94.91,69.91
             93.49,72.12 92.03,76.15 90.55,77.58
             89.49,78.60 87.85,79.57 86.16,79.18
             82.71,78.25 85.51,70.45 86.16,68.00
             86.16,68.00 73.78,71.11 73.78,71.11
             73.60,71.00 72.88,71.92 73.00,72.00
             73.12,82.86 66.41,80.34 59.00,81.00
             59.00,81.00 61.00,73.00 61.00,73.00
             56.71,72.91 48.47,71.21 45.00,72.44
             41.87,73.56 37.62,77.80 34.83,80.00
             29.68,84.06 24.10,87.62 18.00,90.08
             14.50,91.49 3.24,95.81 2.60,88.96
             2.02,82.72 9.29,85.67 14.00,84.36
             23.35,81.76 33.62,73.20 41.00,67.00
             34.64,61.18 33.58,54.34 39.36,47.53
             39.36,47.53 45.00,42.56 45.00,42.56
             45.91,42.09 55.19,38.70 67.00,46.00
             68.92,42.06 82.30,28.74 86.18,25.91
             88.33,24.34 94.18,21.98 94.25,26.82
             94.28,28.94 89.33,36.75 88.09,39.00
             84.69,45.19 77.52,59.53 76.00,66.00
             79.68,65.25 83.86,64.43 86.57,61.61
             91.24,56.76 88.64,49.87 98.00,49.41
             99.82,49.32 100.34,49.61 102.00,50.00
             102.00,50.00 100.00,59.00 100.00,59.00
             102.11,54.91 105.99,51.63 110.58,50.53
             114.20,49.66 118.39,50.18 117.30,55.02
             117.30,55.02 108.00,72.00 108.00,72.00 Z
           M 144.00,24.00
           C 137.69,28.17 129.58,48.44 130.00,56.00
             137.77,48.57 146.63,35.29 144.00,24.00 Z
           M 83.00,36.00
           C 78.82,37.97 71.00,44.43 69.77,49.00
             69.12,51.39 70.02,53.86 71.00,56.00
             71.00,56.00 83.00,36.00 83.00,36.00 Z
           M 61.00,50.00
           C 49.37,43.67 38.94,49.07 41.41,58.91
             41.90,60.82 42.99,62.35 44.00,64.00
             48.78,61.78 57.52,54.13 61.00,50.00 Z
           M 63.00,56.00
           C 57.55,58.17 53.42,62.31 50.00,67.00
             50.00,67.00 63.00,68.00 63.00,68.00
             63.00,68.00 63.00,56.00 63.00,56.00 Z
           M 249.00,56.00
           C 241.60,56.87 239.74,61.04 239.00,68.00
             246.00,65.13 248.53,64.02 249.00,56.00 Z
           M 76.00,66.00 76.00,66.00 76.00,66.00 76.00,66.00
           M 114.00,84.00 114.00,84.00 114.00,84.00 114.00,84.00
           M 208.00,97.00
           C 200.72,104.54 196.03,114.51 196.00,125.00
             197.53,124.16 197.96,124.20 199.19,122.71
             202.30,118.94 207.47,102.13 208.00,97.00 Z
           M 118.00,103.00
           C 116.70,103.05 115.22,108.03 116.00,108.00
             118.53,106.17 118.25,106.07 118.00,103.00 Z
           M 75.51,61.44" />
</svg>
