<?xml version="1.0" encoding="UTF-8" standalone="no"?>
<!DOCTYPE svg PUBLIC "-//W3C//DTD SVG 20010904//EN"
              "http://www.w3.org/TR/2001/REC-SVG-20010904/DTD/svg10.dtd">

<svg xmlns="http://www.w3.org/2000/svg"
     width="1in" height="0.5in"
     viewBox="0 0 300 150">
  <path id="Auswahl #1"
        fill="none" stroke="black" stroke-width="1"
        d="M 235.00,20.00
           C 244.43,21.69 253.20,30.27 261.00,36.00
             264.45,28.08 265.37,27.09 274.00,27.00
             274.00,27.00 270.23,39.96 270.23,39.96
             270.35,41.15 270.70,41.71 271.41,42.63
             272.62,44.18 280.00,49.28 273.85,50.21
             273.85,50.21 271.98,50.21 271.98,50.21
             271.98,50.21 270.00,49.26 270.00,49.26
             270.00,49.26 266.00,47.00 266.00,47.00
             262.67,54.86 256.79,67.74 257.00,76.00
             259.46,74.45 261.68,73.18 263.59,70.90
             265.61,68.47 266.39,65.70 267.90,63.00
             271.18,57.15 283.90,46.57 290.56,53.43
             293.52,56.48 292.08,60.80 290.01,63.91
             286.26,69.56 279.79,73.76 273.00,72.00
             278.77,83.21 288.95,70.87 296.00,68.00
             293.44,80.05 273.17,91.36 265.00,77.00
             259.94,80.15 248.88,88.09 248.00,77.00
             248.00,77.00 242.00,80.67 242.00,80.67
             235.34,84.13 229.67,82.72 231.41,74.00
             232.23,69.83 236.40,64.36 239.00,61.00
             227.85,64.27 226.39,75.42 221.48,80.63
             217.60,84.74 215.92,80.91 216.00,77.00
             207.51,82.46 194.98,89.39 189.00,77.00
             183.63,81.14 175.35,87.66 173.00,77.00
             173.00,77.00 167.00,80.67 167.00,80.67
             160.34,84.13 154.67,82.72 156.41,74.00
             157.23,69.83 161.40,64.36 164.00,61.00
             152.85,64.27 151.39,75.42 146.48,80.63
             142.60,84.74 140.92,80.91 141.00,77.00
             134.15,81.41 119.43,89.60 115.00,78.00
             107.78,81.00 103.63,84.95 95.00,83.70
             86.04,82.40 83.87,76.28 93.00,73.00
             98.00,77.36 102.63,72.90 102.90,67.54
             102.90,67.54 101.00,58.00 101.00,58.00
             101.00,58.00 99.00,58.00 99.00,58.00
             96.19,66.32 82.53,80.03 74.04,82.86
             66.77,85.29 57.57,82.57 57.52,73.58
             57.47,65.33 64.46,56.39 71.72,53.02
             75.58,51.23 81.38,50.15 84.22,54.23
             88.62,60.54 77.08,74.87 66.00,72.00
             69.25,78.33 73.57,77.50 79.00,74.03
             83.01,71.47 89.39,64.73 92.38,60.85
             94.76,57.76 95.65,55.16 99.00,53.00
             97.51,46.12 103.40,43.50 105.77,45.18
             107.69,46.54 106.92,49.42 107.77,53.00
             110.26,63.41 115.16,65.95 107.00,76.00
             118.32,69.90 117.26,59.45 129.00,54.06
             131.94,52.70 135.71,51.52 138.85,52.89
             145.06,55.60 139.90,61.09 136.00,63.00
             131.05,54.35 123.49,66.63 124.04,71.98
             125.03,81.75 138.31,74.01 141.49,69.91
             143.66,67.11 145.48,60.57 146.67,57.00
             146.67,57.00 154.68,35.00 154.68,35.00
             157.80,26.56 159.11,19.95 170.00,23.00
             166.43,30.48 156.34,52.85 155.00,60.00
             159.27,56.61 163.24,53.37 168.83,52.58
             171.57,52.20 174.81,52.50 174.48,56.11
             173.99,61.47 166.57,67.43 165.00,75.00
             179.90,70.62 172.77,48.68 191.00,53.00
             186.36,61.12 182.77,65.23 181.00,75.00
             193.38,70.93 191.91,59.62 204.00,54.06
             206.94,52.70 210.71,51.52 213.85,52.89
             220.06,55.60 214.90,61.09 211.00,63.00
             205.40,53.23 195.38,70.51 200.55,75.40
             204.99,79.60 214.63,72.84 217.16,68.96
             217.16,68.96 224.34,49.00 224.34,49.00
             224.34,49.00 235.00,20.00 235.00,20.00 Z
           M 42.00,73.00
           C 37.05,77.30 33.88,81.87 27.00,83.30
             13.53,86.11 13.74,70.54 16.46,62.00
             21.07,47.51 36.74,37.73 50.00,32.15
             56.84,29.28 62.92,26.74 70.00,30.00
             66.48,35.19 59.54,36.01 54.00,38.29
             45.58,41.75 34.74,48.41 29.60,56.00
             27.08,59.72 23.23,68.51 27.52,72.24
             28.46,73.06 29.60,73.43 30.85,73.27
             33.37,72.93 37.12,68.69 38.80,66.83
             52.70,51.45 48.79,48.56 60.00,48.00
             60.00,48.00 51.00,77.00 51.00,77.00
             47.91,80.51 47.61,83.06 45.34,86.91
             42.01,92.55 32.71,104.67 26.00,105.38
             23.89,105.60 21.93,104.71 20.00,104.00
             20.00,104.00 20.00,102.00 20.00,102.00
             33.31,95.58 37.51,86.45 42.00,73.00 Z
           M 259.00,42.00
           C 255.98,40.16 244.93,32.35 242.13,32.87
             239.50,33.37 238.30,36.84 237.40,39.00
             235.01,44.76 230.62,54.14 230.00,60.00
             230.00,60.00 237.00,55.56 237.00,55.56
             238.36,54.73 239.48,54.12 241.00,53.60
             244.88,52.26 250.85,51.96 248.53,58.02
             246.01,64.59 240.91,67.07 240.00,75.00
             247.56,73.78 248.02,70.31 250.46,64.00
             250.46,64.00 259.00,42.00 259.00,42.00 Z
           M 186.00,48.00
           C 185.73,46.69 185.30,45.43 185.49,44.05
             185.75,42.32 186.55,41.24 188.06,40.37
             193.91,37.00 197.28,44.96 190.19,47.33
             190.19,47.33 186.00,48.00 186.00,48.00 Z
           M 77.00,58.00
           C 68.90,58.65 67.48,62.77 66.00,70.00
             73.07,68.33 76.46,65.45 77.00,58.00 Z
           M 284.00,58.00
           C 275.90,58.65 274.48,62.77 273.00,70.00
             280.07,68.33 283.46,65.45 284.00,58.00 Z
           M 155.00,60.00 155.00,60.00 155.00,60.00 155.00,60.00
           M 230.00,60.00 230.00,60.00 230.00,60.00 230.00,60.00" />
</svg>
