<?xml version="1.0" encoding="UTF-8" standalone="no"?>
<!DOCTYPE svg PUBLIC "-//W3C//DTD SVG 20010904//EN"
              "http://www.w3.org/TR/2001/REC-SVG-20010904/DTD/svg10.dtd">

<svg xmlns="http://www.w3.org/2000/svg"
     width="1in" height="0.5in"
     viewBox="0 0 300 150">
  <path id="Auswahl #2"
        fill="none" stroke="black" stroke-width="1"
        d="M 14.00,43.00
           C 14.02,41.15 13.84,38.11 15.02,36.59
             16.35,34.89 19.96,34.64 22.00,34.07
             25.46,33.11 27.86,31.82 30.96,30.08
             33.27,28.79 38.79,24.62 40.22,29.24
             40.85,31.28 38.67,37.72 38.00,40.00
             44.25,35.49 54.12,23.99 63.02,28.37
             65.44,29.56 67.09,31.44 68.09,34.00
             68.51,35.75 68.44,37.21 68.09,39.00
             68.09,39.00 68.09,44.00 68.09,44.00
             74.45,44.43 69.97,48.85 72.69,52.39
             74.42,54.65 80.27,56.78 83.00,58.00
             83.00,58.00 76.00,76.00 76.00,76.00
             83.98,75.96 84.98,69.92 88.31,64.01
             91.94,57.58 98.53,51.75 106.42,52.32
             113.26,52.82 115.11,58.65 111.41,64.00
             107.27,69.98 100.49,75.14 93.00,73.84
             97.59,81.55 104.37,78.87 109.87,73.84
             116.64,67.27 114.18,50.84 130.00,54.00
             125.63,62.96 121.24,66.31 121.00,77.00
             129.27,73.27 136.35,65.45 141.33,57.99
             143.50,54.74 146.07,46.88 149.11,45.79
             154.54,43.86 153.82,50.95 154.53,54.00
             156.44,62.27 162.33,68.03 154.00,77.00
             156.78,75.91 158.50,75.19 160.51,72.81
             164.73,67.80 165.83,56.72 178.15,52.90
             180.39,52.29 183.84,51.95 186.04,52.90
             191.25,54.90 191.25,59.89 188.41,64.00
             184.27,69.98 177.49,75.14 170.00,74.00
             176.45,84.63 185.74,74.17 193.00,70.00
             192.85,71.91 192.89,73.20 191.98,75.00
             187.78,83.28 168.35,91.96 162.00,79.00
             150.60,85.95 144.63,88.91 132.00,82.00
             133.21,79.17 134.41,76.18 138.02,76.05
             139.89,75.98 141.77,77.37 143.98,76.68
             145.41,76.24 146.65,75.07 147.57,73.94
             151.82,68.69 148.81,63.96 146.00,59.00
             142.91,66.25 131.93,77.78 125.00,81.69
             119.81,84.62 114.68,86.94 112.00,80.00
             103.33,83.75 91.03,91.30 85.00,79.00
             83.06,80.41 81.17,81.77 79.00,82.82
             77.73,83.43 76.38,83.96 75.00,84.29
             63.59,87.03 67.59,73.83 69.53,68.00
             69.98,66.67 70.92,64.51 70.77,63.13
             70.52,60.85 68.68,60.09 67.00,59.00
             65.27,68.24 60.73,72.23 55.00,79.00
             55.00,79.00 52.00,79.00 52.00,79.00
             55.01,68.73 63.52,68.90 63.00,55.00
             63.00,55.00 61.00,55.00 61.00,55.00
             57.15,63.28 41.68,76.55 33.00,68.00
             39.80,59.49 39.57,65.46 47.83,59.10
             51.63,56.17 55.27,50.88 55.73,46.00
             56.33,39.65 51.67,36.66 46.00,39.45
             32.62,46.06 33.61,61.90 29.11,74.00
             27.74,77.70 24.32,86.38 19.26,84.96
             13.24,83.35 17.85,73.32 19.26,70.00
             23.40,61.34 26.23,57.72 28.00,48.00
             28.41,45.74 29.30,41.52 26.57,40.28
             25.05,39.59 16.73,42.58 14.00,43.00 Z
           M 124.00,47.00
           C 124.37,45.56 124.44,44.58 125.31,43.26
             129.01,37.57 137.61,41.88 132.67,46.48
             131.36,47.69 129.75,48.14 128.00,48.05
             126.60,47.98 125.31,47.43 124.00,47.00 Z
           M 105.00,60.00
           C 96.39,57.85 95.02,64.26 93.00,71.00
             100.03,69.87 103.20,66.92 105.00,60.00 Z
           M 182.00,60.00
           C 173.39,57.85 172.02,64.26 170.00,71.00
             177.03,69.87 180.20,66.92 182.00,60.00 Z" />
</svg>
