<?xml version="1.0" encoding="UTF-8" standalone="no"?>
<!DOCTYPE svg PUBLIC "-//W3C//DTD SVG 20010904//EN"
              "http://www.w3.org/TR/2001/REC-SVG-20010904/DTD/svg10.dtd">

<svg xmlns="http://www.w3.org/2000/svg"
     width="1in" height="0.5in"
     viewBox="0 0 300 150">
  <path id="Auswahl"
        fill="none" stroke="black" stroke-width="1"
        d="M 50.00,85.00
           C 46.64,88.47 45.35,92.40 41.00,95.10
             28.80,102.70 10.56,98.60 9.47,82.28
             9.12,77.00 12.17,72.96 17.00,71.01
             19.15,70.14 24.14,69.33 24.14,73.00
             24.14,77.58 16.52,74.25 15.04,80.06
             12.12,91.51 36.26,96.16 38.26,82.00
             39.21,75.29 33.17,70.04 28.42,66.49
             18.93,59.38 6.74,51.60 12.68,38.00
             17.87,26.13 33.70,19.85 46.00,21.58
             50.21,22.17 64.78,25.94 61.83,32.66
             60.92,34.74 58.16,35.68 56.13,34.85
             54.12,34.03 52.79,31.45 50.74,29.85
             45.98,26.12 39.17,26.41 34.02,29.14
             32.00,30.21 30.35,31.36 28.97,33.21
             17.64,48.36 37.13,55.36 44.47,64.09
             49.58,70.16 48.92,72.46 51.00,79.00
             53.14,70.04 59.50,63.72 68.00,60.47
             72.95,58.57 79.14,58.45 81.78,64.04
             83.49,67.66 81.13,71.58 78.90,74.39
             73.66,80.99 67.74,86.04 59.00,84.00
             59.86,85.82 60.60,87.85 62.39,88.97
             66.55,91.59 74.72,87.35 77.89,84.52
             85.94,77.37 82.70,62.46 96.00,60.80
             98.55,60.24 99.57,60.49 102.00,60.80
             96.91,70.10 91.27,77.12 91.00,88.00
             95.69,86.42 100.14,83.26 102.78,78.96
             104.87,75.55 106.05,69.06 107.15,65.00
             107.15,65.00 114.92,41.00 114.92,41.00
             117.60,34.79 121.75,26.32 129.07,24.87
             131.38,24.25 133.69,24.88 136.00,24.87
             139.68,27.45 139.55,30.73 138.80,34.00
             139.76,43.60 132.89,59.21 127.41,67.00
             119.16,78.71 117.24,75.86 111.00,90.00
             116.38,87.68 125.68,83.14 129.35,78.68
             131.86,75.63 133.61,67.12 134.86,63.00
             138.33,51.59 141.07,40.81 148.44,31.05
             155.82,21.27 166.02,22.90 166.90,36.00
             167.52,45.19 163.58,47.39 163.00,54.00
             157.71,59.30 158.82,63.45 152.00,67.00
             152.00,67.00 153.00,69.00 153.00,69.00
             153.00,69.00 141.27,81.00 141.27,81.00
             141.27,81.00 136.00,96.00 136.00,96.00
             140.57,93.43 149.46,87.01 152.44,82.82
             155.49,78.52 156.42,70.69 164.18,64.75
             168.76,61.24 177.44,56.95 182.89,60.74
             188.09,64.35 186.72,69.17 183.53,73.56
             178.53,80.48 171.85,86.07 163.00,84.00
             163.86,85.82 164.60,87.85 166.39,88.97
             170.98,91.86 179.57,86.75 182.96,83.70
             192.33,75.27 187.52,61.08 198.58,59.50
             200.69,59.19 202.91,59.67 205.00,60.00
             205.00,60.00 202.00,70.00 202.00,70.00
             206.27,66.11 211.86,61.58 217.72,60.52
             221.11,59.91 224.81,60.76 224.44,65.02
             223.91,71.20 214.63,80.13 213.00,88.00
             213.00,88.00 228.00,79.00 228.00,79.00
             227.06,87.10 218.94,94.43 211.09,96.32
             200.92,98.77 201.99,88.09 204.75,82.00
             206.27,78.65 209.78,74.13 212.00,71.00
             198.36,75.02 196.90,87.87 191.47,93.85
             187.13,98.63 184.47,96.60 184.00,91.00
             176.56,95.12 169.95,99.86 161.00,96.75
             156.93,95.34 155.48,93.95 154.00,90.00
             148.19,95.41 142.24,102.12 134.00,103.00
             134.00,103.00 131.68,117.00 131.68,117.00
             131.89,120.93 134.34,123.10 133.91,130.00
             133.46,137.23 129.16,142.47 122.00,144.04
             119.64,144.55 115.71,145.39 114.34,142.72
             113.48,141.04 114.57,135.82 115.06,133.99
             115.06,133.99 121.00,113.00 121.00,113.00
             111.02,105.61 123.72,98.89 125.06,96.73
             126.17,94.93 127.49,89.26 128.00,87.00
             128.00,87.00 118.00,95.00 118.00,95.00
             110.29,96.06 107.37,101.82 106.41,109.00
             105.74,114.10 108.88,116.78 108.74,122.00
             108.41,134.10 99.78,139.96 89.00,142.00
             86.62,132.90 93.53,119.92 94.67,110.28
             95.15,106.22 92.21,102.33 93.50,98.30
             94.94,93.77 98.96,94.77 99.00,89.00
             95.58,95.11 82.84,101.69 81.00,91.00
             74.95,93.30 70.81,97.06 64.00,97.67
             56.04,98.39 47.94,93.95 50.00,85.00 Z
           M 133.00,33.00
           C 128.06,35.58 126.88,39.09 124.62,44.00
             121.65,50.45 116.07,67.07 115.00,74.00
             122.88,68.23 127.25,55.75 130.88,45.00
             132.94,39.80 134.88,31.88 133.00,33.00 Z
           M 161.00,33.00
           C 155.70,34.74 154.16,39.21 151.92,44.00
             147.18,54.14 145.40,60.61 142.00,71.00
             150.26,66.83 158.04,52.92 160.07,44.04
             160.89,40.48 160.95,36.64 161.00,33.00 Z
           M 95.00,54.23
           C 95.06,52.35 94.98,50.61 95.60,49.04
             96.01,47.98 96.49,47.22 97.31,46.43
             105.08,38.95 110.99,52.69 100.95,54.23
             99.23,54.77 96.83,54.11 95.00,54.23 Z
           M 60.00,81.00
           C 64.13,79.82 68.89,77.82 70.91,73.70
             71.72,72.05 72.19,69.31 70.40,67.99
             69.38,67.38 68.12,67.52 67.02,67.99
             61.89,69.73 60.43,76.25 60.00,81.00 Z
           M 164.00,81.00
           C 168.13,79.82 172.89,77.82 174.91,73.70
             175.72,72.05 176.19,69.31 174.40,67.99
             173.38,67.38 172.12,67.52 171.02,67.99
             165.89,69.73 164.43,76.25 164.00,81.00 Z
           M 123.00,105.00 123.00,105.00 123.00,105.00 123.00,105.00
           M 124.19,104.98
           C 124.05,104.24 121.98,105.89 122.00,106.00
             121.27,106.68 122.18,107.75 123.00,107.00
             123.05,107.03 124.45,105.80 124.19,104.98 Z
           M 104.00,121.00
           C 102.35,123.85 101.95,124.82 103.00,128.00
             103.00,128.00 104.00,121.00 104.00,121.00 Z
           M 129.00,127.00
           C 127.21,130.08 126.76,131.60 128.00,135.00
             128.00,135.00 129.00,127.00 129.00,127.00 Z
           M 123.47,105.56M 140.25,59.62" />
</svg>
