<?xml version="1.0" encoding="UTF-8" standalone="no"?>
<!DOCTYPE svg PUBLIC "-//W3C//DTD SVG 20010904//EN"
              "http://www.w3.org/TR/2001/REC-SVG-20010904/DTD/svg10.dtd">

<svg xmlns="http://www.w3.org/2000/svg"
     width="1in" height="0.5in"
     viewBox="0 0 300 150">
  <path id="Auswahl #4"
        fill="none" stroke="black" stroke-width="1"
        d="M 10.00,38.00
           C 8.41,30.18 17.27,25.92 24.00,26.47
             31.98,27.11 39.27,30.09 47.00,31.71
             47.00,31.71 63.82,34.00 63.82,34.00
             63.98,36.09 64.36,40.19 63.82,41.89
             58.81,55.35 56.84,39.71 50.32,48.86
             50.32,48.86 37.96,62.00 37.96,62.00
             37.96,62.00 19.00,81.00 19.00,81.00
             19.00,81.00 40.28,82.37 40.28,82.37
             51.37,83.89 48.36,86.28 61.00,83.00
             62.50,90.09 57.53,92.41 51.00,92.88
             51.00,92.88 16.00,88.00 16.00,88.00
             13.80,87.98 5.39,88.71 4.49,86.43
             3.33,83.48 11.69,76.17 13.74,74.00
             13.74,74.00 47.00,39.00 47.00,39.00
             39.99,37.72 23.69,35.26 17.00,36.21
             17.00,36.21 10.00,38.00 10.00,38.00 Z
           M 193.00,41.00
           C 193.00,41.00 198.00,43.00 198.00,43.00
             198.00,43.00 196.00,50.00 196.00,50.00
             196.00,50.00 208.00,55.00 208.00,55.00
             208.00,55.00 208.00,58.00 208.00,58.00
             204.18,62.03 202.46,67.54 202.00,73.00
             202.00,73.00 215.00,66.00 215.00,66.00
             213.11,72.43 208.22,77.16 202.00,79.46
             199.71,80.40 196.63,81.33 194.60,79.46
             190.32,75.29 195.70,63.16 198.00,59.00
             198.00,59.00 193.00,57.00 193.00,57.00
             190.36,66.24 183.71,74.40 175.00,78.51
             167.28,82.15 160.54,81.99 156.00,74.00
             153.86,75.83 151.53,77.95 149.00,79.22
             144.07,81.70 138.77,80.38 139.23,74.00
             139.58,69.11 143.75,64.38 146.00,60.00
             138.13,63.72 135.51,69.06 131.25,75.98
             130.00,78.03 128.07,81.13 125.17,79.83
             118.96,77.05 128.11,63.58 130.00,60.00
             124.47,62.52 121.52,64.79 118.18,70.00
             116.74,72.26 114.21,77.77 112.37,79.22
             108.37,82.37 107.24,78.06 107.00,75.00
             104.89,76.66 102.51,78.69 100.00,79.69
             95.11,81.63 90.82,79.68 91.23,74.00
             91.58,69.11 95.75,64.38 98.00,60.00
             90.13,63.72 87.51,69.06 83.25,75.98
             82.00,78.03 80.07,81.13 77.17,79.83
             70.96,77.05 80.11,63.58 82.00,60.00
             76.47,62.52 73.52,64.79 70.18,70.00
             68.74,72.26 66.21,77.77 64.37,79.22
             60.37,82.37 59.24,78.06 59.00,75.00
             55.94,77.34 49.48,82.30 45.43,79.79
             42.11,77.73 42.98,71.22 43.67,68.00
             46.04,56.82 48.00,50.96 60.00,50.00
             60.00,50.00 51.00,73.00 51.00,73.00
             64.22,69.24 61.81,58.75 66.22,52.11
             69.12,47.94 73.76,48.77 77.00,52.11
             77.00,52.11 74.00,58.00 74.00,58.00
             79.00,54.74 92.08,45.51 93.00,57.00
             95.41,55.35 109.39,46.19 108.89,55.06
             108.65,59.22 104.10,62.32 103.00,67.00
             103.00,67.00 100.00,73.00 100.00,73.00
             103.54,71.61 106.06,70.22 108.28,66.96
             111.76,61.85 111.70,49.83 119.26,49.38
             122.17,49.21 123.08,50.08 125.00,52.00
             125.00,52.00 122.00,58.00 122.00,58.00
             127.00,54.74 140.08,45.51 141.00,57.00
             143.41,55.35 157.39,46.19 156.89,55.06
             156.65,59.22 152.10,62.32 151.00,67.00
             151.00,67.00 148.00,73.00 148.00,73.00
             160.32,68.13 156.08,55.95 170.00,50.66
             174.19,49.07 181.40,48.27 182.65,54.05
             184.12,60.87 175.00,68.95 169.00,70.16
             166.77,70.83 166.08,70.48 164.00,70.16
             165.30,71.52 165.95,72.68 168.04,73.31
             175.19,75.47 186.88,63.85 188.63,57.51
             189.82,53.83 187.44,52.09 188.63,48.04
             189.18,45.58 191.45,43.03 193.00,41.00 Z
           M 164.00,68.00
           C 166.81,67.17 178.40,60.98 173.36,57.07
             168.09,52.98 164.44,64.68 164.00,68.00 Z
           M 74.00,58.00 74.00,58.00 74.00,58.00 74.00,58.00
           M 122.00,58.00 122.00,58.00 122.00,58.00 122.00,58.00" />
</svg>
